Version 0.9.7
5
 4 10 175 77 128 0 1
 5 80 400 206 81 2 2
 0 111 110 877 276 8 3
 1 223 400 206 81 140 4
 3 361 26 203 58 150 5
 0
12
 16711680 5 164 137 164 137 94 137 94 249 71 249 71 249 0 3 0 1
 16711680 5 190 137 190 137 190 137 190 371 190 371 190 371 0 3 0 3
 16711680 5 238 469 238 469 216 469 216 469 216 371 216 371 0 4 0 3
 255 5 229 358 229 358 229 411 229 411 238 411 238 411 0 3 0 4
 255 5 71 189 71 189 71 124 71 124 164 124 164 124 0 1 0 3
 255 5 177 124 177 124 177 124 177 358 177 358 177 358 0 3 0 3
 0 5 372 63 372 63 372 63 372 137 372 137 372 137 0 5 0 3
 65280 5 279 411 279 411 279 411 281 411 281 280 281 280 0 4 0 3
 65280 5 298 411 298 411 298 411 294 411 294 280 294 280 0 4 0 3
 65280 5 307 280 307 280 307 293 407 293 407 70 407 70 0 3 0 5
 0 5 359 280 359 280 359 280 359 371 359 371 359 371 0 3 0 3
 255 5 281 124 281 124 281 124 281 215 281 215 281 215 0 3 0 3
1
 7008 1 14 275 228 5 0 0 11636 3
