Version 0.9.7
5
 4 10 175 77 128 0 1
 5 557 701 206 81 2 2
 0 111 162 877 276 8 3
 1 138 57 206 81 140 4
 6 448 17 449 130 169 7
 0
20
 16711680 5 71 189 71 189 71 156 164 156 164 176 164 176 0 1 0 3
 16711680 5 71 202 71 202 102 202 102 410 164 410 164 410 0 1 0 3
 16711680 5 177 176 177 176 188 176 188 68 153 68 153 68 0 3 0 4
 16711680 5 464 44 464 44 398 44 398 44 398 176 398 176 0 7 0 3
 0 5 71 249 71 249 71 236 164 236 164 189 164 189 0 1 0 3
 0 5 71 262 71 262 90 262 90 423 164 423 164 423 0 1 0 3
 0 5 606 423 606 423 606 423 606 371 606 371 606 371 0 3 0 3
 16711680 5 515 176 515 176 515 176 515 176 515 228 515 228 0 3 0 3
 255 5 554 267 554 267 554 151 589 151 589 140 589 140 0 3 0 7
 255 5 567 267 567 267 567 159 602 159 602 140 602 140 0 3 0 7
 255 5 580 267 580 267 580 167 617 167 617 140 615 140 0 3 0 7
 255 5 593 267 593 267 593 173 628 173 628 140 628 140 0 3 0 7
 255 5 606 267 606 267 606 181 641 181 641 140 641 140 0 3 0 7
 255 5 528 267 528 267 528 192 654 192 654 140 654 140 0 3 0 7
 255 5 541 267 541 267 667 267 667 267 667 140 667 140 0 3 0 7
 65280 5 327 68 327 68 442 68 442 350 593 350 593 332 0 4 0 3
 65280 5 308 68 308 68 409 68 409 332 515 332 515 332 0 4 0 3
 65280 5 289 68 289 68 386 68 386 358 528 358 528 358 0 4 0 3
 65280 5 270 68 270 68 349 68 349 371 580 371 580 371 0 4 0 3
 0 5 177 189 177 189 155 189 155 126 153 126 153 126 0 3 0 4
1
 7047 1 16 509 280 5 0 0 12920 3
