Version 0.9.7
5
 4 10 175 77 128 0 1
 5 80 400 206 81 2 2
 0 110 110 877 276 8 3
 3 412 22 203 58 140 4
 1 415 444 206 81 149 5
 0
17
 255 5 71 189 71 189 71 124 71 124 163 124 163 124 0 1 0 3
 255 5 430 455 430 454 104 454 104 202 71 202 71 202 0 5 0 1
 255 5 917 124 917 124 917 124 917 358 917 358 917 358 0 3 0 3
 0 5 71 249 71 249 95 249 95 513 430 513 430 513 0 1 0 5
 0 5 71 262 71 262 71 371 71 371 163 371 163 371 0 1 0 3
 0 5 410 280 410 280 410 280 410 371 410 371 410 371 0 3 0 3
 0 5 696 280 696 280 696 280 696 371 696 371 696 371 0 3 0 3
 255 5 618 215 618 215 618 215 618 124 618 124 618 124 0 3 0 3
 255 5 332 215 332 215 332 215 332 124 332 124 332 124 0 3 0 3
 65535 5 598 66 598 66 598 280 598 280 618 280 618 280 0 4 0 3
 65280 5 631 280 631 280 631 309 585 309 585 455 585 455 0 3 0 5
 65280 5 644 280 644 319 605 319 605 455 604 455 604 455 0 3 0 5
 0 5 930 371 930 371 930 371 930 137 930 137 930 137 0 3 0 3
 0 5 423 59 423 59 423 137 423 137 423 137 423 137 0 4 0 3
 65280 5 345 280 345 280 345 318 490 318 490 455 490 455 0 3 0 5
 65280 5 332 280 332 280 332 390 471 390 471 455 471 455 0 3 0 5
 65535 5 458 66 458 66 458 66 458 280 358 280 358 280 0 4 0 3
2
 7002 1 14 612 228 5 0 0 9144 3
 7000 1 14 326 228 5 0 0 9144 3
